0 0.98650390625 0.41271450858034325 0.0269921875 0.05956318252730109
0 0.91619140625 0.41767550702028083 0.033740234375 0.06666146645865834
0 0.92595703125 0.3708736349453978 0.0355078125 0.041123244929797194
0 0.863818359375 0.4389391575663027 0.03728515625 0.078003120124805
0 0.860703125 0.37371294851794074 0.029296875 0.03829953198127925
0 0.8203125 0.35669266770670827 0.02130859375 0.046801872074883
0 0.795009765625 0.3815132605304212 0.023974609375 0.05956318252730109
0 0.7457421875 0.3985179407176287 0.028408203125 0.05672386895475819
0 0.754169921875 0.34463338533541343 0.029296875 0.05390015600624024
0 0.703564453125 0.39781591263650545 0.03107421875 0.06382215288611544
0 0.567294921875 0.5545241809672387 0.05681640625 0.11062402496099843
0 0.464755859375 0.586443057722309 0.0523828125 0.11204368174726988
0 0.45587890625 0.47865834633385335 0.054150390625 0.07232449297971918
0 0.3466796875 0.48574102964118565 0.0523828125 0.078003120124805
0 0.379970703125 0.3907176287051482 0.0390625 0.0751638065522621
0 0.25568359375 0.5751014040561623 0.065693359375 0.11770670826833074
0 0.28009765625 0.39781591263650545 0.034619140625 0.07232449297971918
0 0.1611328125 0.42051482059282375 0.039951171875 0.06950078003120125
0 0.057265625 0.4651794071762871 0.043505859375 0.08792511700468018
0 0.067470703125 0.6183463338533541 0.0816796875 0.14466458658346334
0 0.35466796875 0.3573946957878315 0.022197265625 0.05390015600624024
0 0.3040625 0.34321372854914195 0.016865234375 0.04254290171606864
0 0.60552734375 0.37028081123244927 0.024169921875 0.06209048361934477
0 0.670703125 0.3441497659906396 0.03033203125 0.05981279251170047
0 0.697724609375 0.3176443057722309 0.023701171875 0.04770670826833073
0 0.65505859375 0.31992199687987516 0.023701171875 0.043166926677067084
0 0.6071875 0.32446177847113883 0.023701171875 0.02953198127925117
0 0.6033984375 0.29683307332293296 0.020859375 0.018174726989079563
0 0.592734375 0.2919032761310453 0.012802734375 0.0325585023400936
0 0.5614453125 0.2737285491419657 0.014697265625 0.026505460218408734
0 0.547939453125 0.33090483619344774 0.023701171875 0.04845553822152886
0 0.556943359375 0.3002340093603744 0.0180078125 0.024992199687987517
0 0.536328125 0.2911544461778471 0.01943359375 0.0325585023400936
0 0.509306640625 0.2722152886115445 0.01564453125 0.038611544461778474
0 0.48869140625 0.32862714508580343 0.021806640625 0.04391575663026521
0 0.48537109375 0.2964430577223089 0.017060546875 0.02045241809672387
0 0.466650390625 0.29076443057722307 0.01564453125 0.033322932917316694
0 0.4481640625 0.29985959438377535 0.020380859375 0.04240249609984399
0 0.420908203125 0.2934165366614665 0.018955078125 0.038611544461778474
0 0.09029296875 0.3759594383775351 0.028916015625 0.055273010920436814
0 0.06375 0.3521060842433697 0.022275390625 0.05301092043681747
0 0.159501953125 0.35399375975039 0.02322265625 0.04770670826833073
0 0.189365234375 0.37633385335413416 0.02607421875 0.063603744149766
0 0.244580078125 0.3509672386895476 0.02654296875 0.05224648985959439
0 0.287236328125 0.34868954758190324 0.02275390625 0.026505460218408734
0 0.27017578125 0.3062870514820593 0.018955078125 0.043166926677067084
0 0.24220703125 0.29946957878315134 0.015166015625 0.043166926677067084
0 0.210927734375 0.3392355694227769 0.020859375 0.040889235569422776
0 0.190068359375 0.304399375975039 0.019912109375 0.04240249609984399
0 0.085556640625 0.30402496099843995 0.022275390625 0.026505460218408734
0 0.090771484375 0.3305148205928237 0.02796875 0.026505460218408734
0 0.233203125 0.28850234009360376 0.00853515625 0.028767550702028084
0 0.133662109375 0.3354446177847114 0.023701171875 0.03937597503900156
0 0.150966796875 0.31954758190327615 0.014697265625 0.021201248049921996
0 0.383701171875 0.2782683307332293 0.01375 0.03407176287051482
0 0.4062109375 0.28017160686427456 0.013271484375 0.03180967238689548
0 0.428251953125 0.2661622464898596 0.012802734375 0.026505460218408734
0 0.369482421875 0.2729797191887675 0.01375 0.02953198127925117
0 0.352177734375 0.2805460218408736 0.01421875 0.02045241809672387
0 0.35857421875 0.2616224648985959 0.00900390625 0.02045241809672387
0 0.417353515625 0.2638845553822153 0.00900390625 0.02045241809672387
0 0.45384765625 0.2612324492979719 0.011845703125 0.021201248049921996
0 0.446025390625 0.2699375975039002 0.015166015625 0.012870514820592824
0 0.47873046875 0.27600624024960996 0.013271484375 0.01892355694227769
0 0.136513671875 0.290015600624025 0.019912109375 0.016661466458658347