0 0.9633285714285715 0.7901498929336188 0.04857142857142857 0.12704496788008565
0 0.9585714285714285 0.31406852248394 0.037142857142857144 0.05710920770877945
0 0.8719 0.7044967880085653 0.04095714285714286 0.08993576017130621
0 0.8190428571428572 0.7323340471092077 0.05142857142857143 0.10278372591006424
0 0.7309571428571429 0.6316916488222698 0.054285714285714284 0.10134903640256959
0 0.8095285714285714 0.563169164882227 0.0381 0.07565310492505353
0 0.8742857142857143 0.5296145610278373 0.036185714285714286 0.08565310492505353
0 0.8681 0.6352676659528909 0.054285714285714284 0.05710920770877945
0 0.8195285714285714 0.5082012847965739 0.04095714285714286 0.05139186295503212
0 0.7547571428571429 0.5174946466809421 0.04095714285714286 0.07565310492505353
0 0.7123857142857143 0.4625267665952891 0.0381 0.07708779443254818
0 0.68 0.5560385438972163 0.03428571428571429 0.08708779443254819
0 0.6581 0.6716702355460386 0.06285714285714286 0.1213490364025696
0 0.49381428571428576 0.5231905781584583 0.08285714285714285 0.155610278372591
0 0.28524285714285713 0.31620985010706637 0.08667142857142858 0.14132762312633834
0 0.11142857142857143 0.4418201284796574 0.05714285714285714 0.09565310492505354
0 0.09428571428571429 0.38259100642398286 0.045714285714285714 0.07708779443254818
0 0.03761428571428571 0.38473233404710916 0.06 0.08137044967880086
0 0.45524285714285717 0.33190578158458245 0.043814285714285715 0.06423982869379015
0 0.4185714285714286 0.47038543897216273 0.035242857142857145 0.06139186295503212
0 0.6028571428571429 0.5246252676659529 0.0419 0.06995717344753748
0 0.5476142857142857 0.5182012847965739 0.03047142857142857 0.09706638115631691
0 0.3757142857142857 0.585289079229122 0.03904285714285714 0.09421841541755889
0 0.42714285714285716 0.4189935760171306 0.04095714285714286 0.047109207708779445
0 0.3466714285714286 0.3840042826552463 0.0381 0.059957173447537475
0 0.9885714285714285 0.6545396145610278 0.022857142857142857 0.055674518201284794
0 0.6223857142857143 0.34869379014989293 0.029485714285714285 0.04800856531049251
0 0.5618714285714286 0.338779443254818 0.02847142857142857 0.04955032119914347
0 0.48764285714285716 0.320492505353319 0.027457142857142857 0.04955032119914347
0 0.4533142857142857 0.26599571734475375 0.025928571428571426 0.03201284796573876
0 0.40704285714285715 0.24732334047109208 0.03 0.04955032119914347
0 0.4210285714285715 0.3079229122055675 0.026442857142857146 0.04419700214132762
0 0.35441428571428574 0.2926766595289079 0.0356 0.045738758029978586
0 0.28372857142857144 0.20845824411134903 0.024414285714285715 0.052591006423982865
0 0.19094285714285714 0.17796573875802998 0.025928571428571426 0.0419271948608137
0 0.1510142857142857 0.10860813704496788 0.027457142857142857 0.0419271948608137
0 0.06889999999999999 0.09374732334047109 0.0239 0.02591006423982869
0 0.007885714285714286 0.1699571734475375 0.015757142857142855 0.047259100642398286
0 0.009914285714285714 0.044967880085653104 0.019828571428571428 0.04267665952890792
0 0.07601428571428571 0.05411134903640257 0.021871428571428573 0.038115631691648826
0 0.09508571428571429 0.043832976445396146 0.021357142857142856 0.03734475374732334