0 0.5901666666666666 0.7648458149779735 0.09841666666666667 0.30837004405286345
0 0.5 0.5309251101321586 0.058916666666666666 0.15951541850220266
0 0.20222916666666665 0.7018061674008811 0.14870833333333333 0.3250660792951542
0 0.941125 0.8677092511013216 0.11358333333333334 0.2558149779735683
0 0.9497083333333334 0.6622907488986784 0.05460416666666667 0.12154185022026431
0 0.8818333333333332 0.6987665198237886 0.0553125 0.12458149779735683
0 0.7472083333333334 0.5365638766519824 0.04991666666666667 0.12083700440528634
0 0.6716875000000001 0.6122026431718062 0.06035416666666667 0.19444933920704846
0 0.5930416666666667 0.5331718061674009 0.053875 0.1154625550660793
0 0.6936041666666667 0.486079295154185 0.04525 0.0881057268722467
0 0.14225000000000002 0.31898678414096915 0.033041666666666664 0.0911453744493392
0 0.08333333333333333 0.29546255506607927 0.04454166666666667 0.08356828193832598
0 0.07077083333333332 0.22101321585903083 0.02802083333333333 0.05621145374449339
0 0.03160416666666667 0.2073568281938326 0.030166666666666668 0.05621145374449339
0 0.7898541666666666 0.5562114537444934 0.027666666666666666 0.11700440528634361
0 0.7956875 0.47770925110132156 0.0228125 0.04414096916299559
0 0.85975 0.5798237885462555 0.03833333333333333 0.06770925110132159
0 0.904875 0.6059911894273128 0.03833333333333333 0.05440528634361233
0 0.8789166666666667 0.5418502202643172 0.029125 0.06770925110132159
0 0.8915208333333333 0.4936123348017621 0.025229166666666667 0.05748898678414097
0 0.9451666666666667 0.5059471365638766 0.0228125 0.055418502202643175
0 0.9648125000000001 0.5059471365638766 0.013583333333333333 0.03696035242290749
0 0.9813124999999999 0.507488986784141 0.0145625 0.029779735682819383
0 0.9884791666666667 0.5556828193832599 0.0230625 0.058502202643171804
0 0.9834999999999999 0.45 0.013104166666666667 0.0420704845814978
0 0.8163125 0.4936123348017621 0.015520833333333334 0.047224669603524234
0 0.8301458333333334 0.4756387665198238 0.017958333333333333 0.048237885462555065
0 0.8845208333333333 0.4158149779735683 0.013916666666666666 0.023744493392070482
0 0.8524166666666667 0.44696035242290744 0.013916666666666666 0.03167400881057269
0 0.8922916666666667 0.44524229074889865 0.015520833333333334 0.03052863436123348
0 0.87275 0.4384581497797357 0.009625 0.023744493392070482
0 0.9142291666666666 0.4746696035242291 0.015520833333333334 0.037356828193832604
0 0.9348333333333334 0.4531718061674009 0.021395833333333333 0.037356828193832604
0 0.7911458333333333 0.3445374449339207 0.011229166666666667 0.016960352422907488
0 0.7475416666666667 0.3355066079295154 0.012833333333333334 0.023744493392070482
0 0.7116875 0.3236123348017621 0.012833333333333334 0.02488986784140969
0 0.6787708333333333 0.32136563876651986 0.011229166666666667 0.02035242290748899
0 0.6354375 0.2856828193832599 0.010166666666666666 0.0260352422907489
0 0.5878125 0.2806167400881057 0.0123125 0.0226431718061674
0 0.5591875000000001 0.26418502202643174 0.013916666666666666 0.02828193832599119
0 0.5289583333333333 0.2551541850220264 0.013375 0.021497797356828195
0 0.49283333333333335 0.24894273127753302 0.009625 0.02488986784140969
0 0.46527083333333336 0.24268722466960355 0.009104166666666667 0.019251101321585903
0 0.37885416666666666 0.21951541850220263 0.009625 0.027136563876651983
0 0.36441666666666667 0.22290748898678414 0.010708333333333332 0.02488986784140969
0 0.3232083333333333 0.19577092511013214 0.010708333333333332 0.027136563876651983
0 0.28789583333333335 0.3660352422907489 0.0428125 0.07356828193832599
0 0.33177083333333335 0.34171806167400876 0.02675 0.07013215859030837
0 0.40239583333333334 0.34964757709251104 0.024625 0.07242290748898679
0 0.4778541666666667 0.3524669603524229 0.024625 0.05546255506607929
0 0.20602083333333335 0.31171806167400884 0.0353125 0.07581497797356829
0 0.25470833333333337 0.32982378854625555 0.02783333333333333 0.06449339207048459
0 0.2544375 0.2732599118942731 0.023 0.04185022026431718
0 0.3012708333333334 0.30947136563876654 0.02354166666666667 0.04185022026431718
0 0.17685416666666667 0.2653303964757709 0.0219375 0.07581497797356829
0 0.2092291666666667 0.24555066079295154 0.019270833333333334 0.03845814977973568
0 0.15277083333333333 0.24665198237885463 0.0219375 0.04299559471365639
0 0.5340416666666666 0.36096916299559473 0.029958333333333333 0.06334801762114538
0 0.5072708333333333 0.3643612334801762 0.018187500000000002 0.040748898678414094
0 0.5840625 0.3773568281938326 0.0219375 0.04414096916299559
0 0.62875 0.4096035242290749 0.017125 0.036211453744493395
0 0.6900208333333333 0.37 0.0123125 0.04299559471365639
0 0.7360416666666667 0.3858590308370044 0.013375 0.0339647577092511
0 0.7194583333333333 0.38867841409691634 0.010166666666666666 0.04185022026431718
0 0.7033958333333333 0.37563876651982375 0.008020833333333333 0.0226431718061674
0 0.630625 0.333215859030837 0.008020833333333333 0.019251101321585903
0 0.6533541666666667 0.35700440528634364 0.010708333333333332 0.03052863436123348
0 0.6118958333333333 0.37563876651982375 0.017666666666666667 0.04524229074889868
0 0.44814583333333335 0.3224669603524229 0.020874999999999998 0.05885462555066079
0 0.37002083333333335 0.2998678414096916 0.020874999999999998 0.04524229074889868
0 0.32266666666666666 0.28004405286343614 0.02354166666666667 0.035066079295154186
0 0.029479166666666667 0.16691629955947138 0.02022916666666667 0.023744493392070482
0 0.041312499999999995 0.15330396475770924 0.007500000000000001 0.023744493392070482
0 0.06966666666666667 0.17030837004405286 0.009625 0.0328193832599119
0 0.0966875 0.17255506607929516 0.014437499999999999 0.0328193832599119
0 0.11541666666666667 0.17312775330396474 0.013375 0.027136563876651983
0 0.14325000000000002 0.17933920704845815 0.0123125 0.0328193832599119
0 0.16785416666666667 0.19687224669603523 0.009104166666666667 0.02035242290748899
0 0.19354166666666667 0.20933920704845815 0.013375 0.0226431718061674
0 0.1633125 0.18048458149779736 0.010708333333333332 0.019251101321585903
0 0.24758333333333335 0.20933920704845815 0.011229166666666667 0.0226431718061674
0 0.2548125 0.23704845814977973 0.013916666666666666 0.0260352422907489
0 0.404375 0.2811894273127753 0.017666666666666667 0.02828193832599119
0 0.42739583333333336 0.28286343612334797 0.015520833333333334 0.0339647577092511
0 0.4405 0.2636563876651982 0.006416666666666667 0.015859030837004406
0 0.34149999999999997 0.23308370044052862 0.009625 0.0226431718061674
0 0.2744375 0.25744493392070483 0.014770833333333334 0.03356828193832599
0 0.47716666666666663 0.2939647577092511 0.016874999999999998 0.03299559471365639
0 0.6469583333333334 0.39823788546255506 0.016833333333333332 0.035594713656387666
0 0.6364791666666666 0.36352422907488985 0.012229166666666668 0.022599118942731276
0 0.6211875 0.3489867841409692 0.012229166666666668 0.022599118942731276
0 0.6059166666666667 0.3247577092511013 0.0076458333333333335 0.019383259911894275
0 0.5848958333333333 0.31422907488986784 0.011458333333333333 0.024229074889867842
0 0.5470833333333334 0.31828193832599116 0.0076458333333333335 0.016167400881057267
0 0.5146041666666666 0.3263876651982379 0.011458333333333333 0.032334801762114534
0 0.5111666666666667 0.2908370044052863 0.010687499999999999 0.025859030837004405
0 0.5333333333333333 0.29242290748898675 0.009166666666666667 0.022599118942731276
0 0.5635 0.30616740088105726 0.012979166666666668 0.027444933920704847
0 0.2273125 0.22779735682819383 0.012979166666666668 0.025859030837004405
0 0.27775 0.2270044052863436 0.011458333333333333 0.01775330396475771
0 0.29304166666666664 0.24281938325991187 0.008229166666666668 0.019162995594713655
0 0.30497916666666663 0.23237885462555066 0.0090625 0.019162995594713655
0 0.142 0.20973568281938326 0.017291666666666667 0.033083700440528635
0 0.08354166666666667 0.16709251101321584 0.0090625 0.03828193832599119