0 0.73546875 0.83021101992966 0.16659375 0.31106682297772564
0 0.756765625 0.5795193434935522 0.0823515625 0.15056271981242675
0 0.956015625 0.5894607268464244 0.07572656250000001 0.13635404454865183
0 0.9640625 0.46019929660023445 0.0596328125 0.06818288393903868
0 0.35921875000000003 0.7201289566236811 0.12778125 0.19032825322391558
0 0.5485234375 0.5837749120750293 0.0709921875 0.15339976553341148
0 0.409859375 0.47298944900351697 0.060578125000000003 0.11930832356389214
0 0.2768671875 0.518440797186401 0.067203125 0.13351699882766707
0 0.18457812499999998 0.5979835873388042 0.09465625 0.178968347010551
0 0.062 0.848675263774912 0.124 0.2996951934349355
0 0.045906249999999996 0.5418757327080891 0.09181249999999999 0.14062133645955452
0 0.0184609375 0.4339273153575615 0.0369140625 0.06675263774912074
0 0.165171875 0.40196951934349356 0.063421875 0.0738569753810082
0 0.037703125 0.33015240328253226 0.033765625 0.049871043376318876
0 0.04625 0.2957561547479484 0.029429687500000003 0.02839390386869871
0 0.1193046875 0.3229660023446659 0.0325859375 0.05441969519343494
0 0.0977578125 0.311137162954279 0.018921874999999998 0.03706916764361079
0 0.14321875 0.36121922626025793 0.0425703125 0.03785463071512309
0 0.18684375 0.33913247362250876 0.02890625 0.045744431418522864
0 0.15925 0.30286049237983587 0.023125 0.039437280187573275
0 0.18001562499999998 0.2858968347010551 0.0141875 0.022872215709261432
0 0.20944531249999998 0.31626025791324736 0.0194453125 0.0315474794841735
0 0.21917187500000002 0.3012778429073857 0.01471875 0.02839390386869871
0 0.2648984375 0.3071981242672919 0.023125 0.04180539273153575
0 0.2312578125 0.3671395076201641 0.0431015625 0.062309495896834696
0 0.28828125 0.3864595545134818 0.0467734375 0.08518171160609612
0 0.45515625000000004 0.44797186400937866 0.0441484375 0.10568581477139509
0 0.5108671874999999 0.432989449003517 0.0431015625 0.08675263774912075
0 0.47907031250000004 0.40577960140679953 0.0183984375 0.04811254396248534
0 0.41153125 0.3415005861664713 0.023125 0.045744431418522864
0 0.38578125 0.3296717467760844 0.022078125 0.04100820633059789
0 0.33689843750000004 0.33164126611957795 0.0252265625 0.03706916764361079
0 0.31009375 0.31665885111371633 0.0178671875 0.03548651817116061
0 0.2961640625 0.32099648300117234 0.009984375 0.026811254396248537
0 0.365546875 0.33519343493552173 0.0194453125 0.02996483001172333
0 0.4441171875 0.34071512309495894 0.023125 0.034701055099648305
0 0.49878125000000006 0.36121922626025793 0.029429687500000003 0.050480656506447834
0 0.4861640625 0.33085580304806567 0.022078125 0.03706916764361079
0 0.5355703125 0.34386869871043374 0.018921874999999998 0.03628370457209847
0 0.572890625 0.3963188745603751 0.04940625 0.07492379835873388
0 0.6041640625 0.3852754982415006 0.027859375 0.05915592028135991
0 0.68878125 0.47951934349355213 0.0541328125 0.08833528722157091
0 0.6919375 0.41957796014067994 0.047828125 0.03628370457209847
0 0.752375 0.4538921453692849 0.043625000000000004 0.06861664712778429
0 0.7492265625 0.3927667057444314 0.0373203125 0.04732708089097303
0 0.817546875 0.3663423212192263 0.025750000000000002 0.05757327080890973
0 0.7965234375 0.37541617819460726 0.017343749999999998 0.039437280187573275
0 0.7274140625000001 0.35451348182883935 0.029429687500000003 0.04180539273153575
0 0.65278125 0.3734466588511137 0.023125 0.04811254396248534
0 0.57840625 0.3474208675263775 0.020499999999999997 0.0386400937866354
0 0.8422499999999999 0.4799179366940211 0.0499296875 0.12225087924970691
0 0.8025703125 0.45192262602579136 0.0315390625 0.06467760844079719