0 0.23063388866314508 0.7222980798537032 0.02488216172287688 0.041886619932947275
0 0.2992299878098334 0.7243980493751905 0.031141812271434376 0.04445900640048766
0 0.39820195042665585 0.7092593721426395 0.026241365298659083 0.04509905516610789
0 0.45476838683462006 0.7266107893934777 0.035237708248679396 0.06190185918927156
0 0.5089902478667209 0.7280829015544041 0.03520723283218204 0.04043889058213959
0 0.5649613978057699 0.7234684547394087 0.04518691588785047 0.05724779030783298
0 0.6245895977245023 0.7094117647058823 0.0321007720438846 0.048661993294727215
0 0.6778240552620886 0.7097378847912222 0.03443518894758229 0.062331606217616575
0 0.2122958147094677 0.6386955196586407 0.026493295408370584 0.05368180432794879
0 0.26002641202763105 0.6345230112770497 0.02866720845184884 0.05998171289241085
0 0.32779357984559127 0.6164553489789698 0.026438439658675334 0.05150868637610485
0 0.38808004876066643 0.6268790003047852 0.02443722064201544 0.0446967387991466
0 0.42895977245022354 0.6214233465406889 0.03134701340918326 0.0598171289241085
0 0.48827712312068267 0.6207040536421823 0.03174522551808208 0.05675099055166107
0 0.5411418122714344 0.6081560499847607 0.035511986997155624 0.04955806156659555
0 0.601757415684681 0.6000335263639135 0.028740349451442503 0.052840597378847914
0 0.6414526615197075 0.6120725388601036 0.03328524989841528 0.059021639743980496
0 0.6914181227143438 0.5975861017982322 0.041015847216578624 0.056083511124657114
0 0.7125355546525802 0.4963913441024078 0.025759853718000814 0.06198110332215788
0 0.41027834213734254 0.5297592197500762 0.021105241771637546 0.03270649192319415
0 0.46594270621698497 0.5206583358732094 0.028295408370581067 0.05356293812861933
0 0.51834620073141 0.5272904602255409 0.027887037789516456 0.04567509905516611
0 0.5763896789922796 0.5141115513562938 0.025735473384802927 0.04372142639439195
0 0.6315603413246648 0.51537640963121 0.02652173913043478 0.046254190795489175
0 0.6645306785859407 0.5156811947576958 0.02846200731409996 0.04849131362389515
0 0.6288520926452662 0.44706491923194147 0.02218813490451036 0.038186528497409326
0 0.692182039821211 0.42314233465406886 0.025188947582283624 0.05217311795184395
0 0.7328707842340512 0.4111307528192624 0.024122308004876067 0.05093264248704664
0 0.7707314099959366 0.4150411459920756 0.03042056074766355 0.05062176165803109
0 0.8208370581064608 0.3782627247790308 0.023242584315318976 0.04865894544346236
0 0.8800467289719627 0.39014629686071317 0.03535757822023568 0.05940871685461749
0 0.9481023973994313 0.366903383114904 0.03370784234051199 0.058485217921365434
0 0.8949512393336042 0.4765711673270345 0.03913449817147501 0.07441328863151478
0 0.9515400243803331 0.5191648887534289 0.025398212108898824 0.06196586406583359
0 0.9873181633482324 0.5714721121609265 0.025363673303535148 0.07057299603779336
0 0.9268833807395368 0.30319414812557144 0.033573750507923605 0.05148735141725084
0 0.9892177976432345 0.3036757086254191 0.021564404713531084 0.07686376104846084
0 0.8821596911824461 0.30671136848521796 0.027651361235270216 0.04875647668393782
0 0.8298943518894758 0.31657116732703444 0.026174319382364895 0.045693386162755256
0 0.7853453880536367 0.3311246571167327 0.028193823648923203 0.045513562938128624
0 0.7369199512393336 0.3621274001828711 0.028967899227956118 0.04080158488265773
0 0.6982182039821211 0.3537580006095703 0.02641202763104429 0.04359036879000305
0 0.6593234457537587 0.3649649497104541 0.03106257618854124 0.0432215787869552
0 0.6131166192604632 0.38455958549222796 0.021091019910605444 0.03522096921670222
0 0.5593153189760259 0.37177689728741237 0.02630028443722064 0.043828101188662
0 0.5827204388459976 0.43221578786955195 0.0199573344169037 0.044288326729655596
0 0.5458756603006908 0.4366686985675099 0.03196261682242991 0.04505943309966474
0 0.5053392929703373 0.4684608351112466 0.019227956115400242 0.05331606217616581
0 0.42754571312474604 0.4569186223712283 0.026351076798049572 0.0432429137458092
0 0.3667249085737505 0.4609052118256629 0.02077610727346607 0.0365742151782993
0 0.31657049979683055 0.4656903383114904 0.031111336854937017 0.0526516306004267
0 0.27563998374644455 0.4707832977750686 0.02084315318976026 0.038427308747333126
0 0.3627915481511581 0.5409265467845169 0.029181227143437627 0.053413593416641265
0 0.313411214953271 0.5311490399268516 0.026962616822429907 0.04362694300518134
0 0.25567655424624136 0.5461840902163975 0.035152377082486794 0.0574215178299299
0 0.19321414059325479 0.5250320024382811 0.028464039008533115 0.04603474550441938
0 0.22203575782202356 0.4739439195367266 0.032956115400243804 0.04637610484608351
0 0.16343965867533525 0.4619932947272173 0.02966070702966274 0.056653459311185615
0 0.14256399837464445 0.3766412679061262 0.028045509955302722 0.043791526973483694
0 0.19052620885818772 0.3862298079853703 0.03068264932954084 0.04995428223102713
0 0.24253555465258025 0.39150563852484 0.026229175132060138 0.05887534288326729
0 0.2909670865501829 0.3950380981408107 0.025461194636326696 0.056174946662602865
0 0.38712312068264937 0.403053946967388 0.0268630637952052 0.04454434623590369
0 0.4318244616009752 0.40206644315757395 0.030568874441284033 0.052334654068881444
0 0.5057882974400649 0.37921365437366655 0.021208858187728566 0.05381895763486742
0 0.5255973181633482 0.3519841511734227 0.023947582283624542 0.04004266991770802
0 0.4558776919951239 0.3373727522096922 0.025522145469321415 0.04336177994513868
0 0.41383787078423406 0.3333526363913441 0.01846200731409996 0.027189881133800668
0 0.36187728565623734 0.33579396525449556 0.026267777326290126 0.04020725388601036
0 0.32073344169036977 0.3237823834196891 0.020995530272247053 0.03896373056994819
0 0.2708980089394555 0.3296251142944224 0.02763104429093864 0.03600731484303566
0 0.2359406745225518 0.33060957025297166 0.021716781796017878 0.03797013105760439
0 0.18175944737911418 0.3236635172203597 0.0207415684681024 0.04035355074672356
0 0.14297440065014222 0.32772935080768056 0.03320398212108899 0.035464797317890887
0 0.143669240146282 0.2775129533678756 0.02266355140186916 0.035925022858884485
0 0.10600975213327915 0.27846693081377627 0.026529865908167412 0.0459676927765925
0 0.18700934579439252 0.2854556537640963 0.02473587972368956 0.0371654983236818
0 0.23347013409183262 0.2793629990856446 0.027622917513206016 0.04450472416946053
0 0.2747257212515238 0.283806766229808 0.02118447785453068 0.038753428832672965
0 0.32063998374644453 0.28057299603779334 0.021893539211702562 0.04042060347455044
0 0.3616578626574563 0.29492532764401097 0.01715156440471353 0.04458092045108199
0 0.3986509548963836 0.29542517525144774 0.02713937423811459 0.042459615970740626
0 0.4506135717188135 0.28693690947881745 0.01716781796017879 0.041755562328558364
0 0.4963632669646485 0.2843066138372447 0.019715562779357987 0.034867418469978664
0 0.6170702966273872 0.31957330082291985 0.027911418122714342 0.0451935385553185
0 0.6546342950020317 0.304559585492228 0.020601381552214547 0.03632124352331606
0 0.7156277935798456 0.3048369399573301 0.027606663957740755 0.04500761962816214
0 0.7505993498577813 0.28796403535507464 0.021615197074360017 0.03893020420603475
0 0.7870621698496546 0.2753032612008534 0.026202763104429094 0.0494087168546175
0 0.8347114993904916 0.2687930508991161 0.027131247460381955 0.03964035355074672
0 0.8852681836651768 0.25534288326729654 0.02844778545306786 0.040402316366961295
0 0.9369727752945957 0.23219140505943311 0.023382771231206828 0.047802499238037185
0 0.9753047541649735 0.23857055775678146 0.03496139780577001 0.05242608960682718
0 0.9743518894758229 0.16191709844559585 0.029802925639983747 0.04719597683633039
0 0.9680698902885007 0.13128314538250532 0.027001219016659896 0.04125571472112161
0 0.9231430312880943 0.14489789698262726 0.021755383990247866 0.040822919841511734
0 0.9167330353514831 0.1861261810423651 0.01978464039008533 0.041914050594331
0 0.8676960585127997 0.20286193233770192 0.01716578626574563 0.03470588235294118
0 0.845684681023974 0.2128131667174642 0.016533929297033727 0.04321548308442548
0 0.8383502641202762 0.18920146296860713 0.030069077610727347 0.035047241694605304
0 0.8054876066639578 0.22733617799451386 0.022919544900446974 0.04134715025906736
0 0.8049654611946363 0.19381590978360255 0.024043071921982934 0.04427918317586102
0 0.7715440877691995 0.20392258457787263 0.025538399024786673 0.03845778725998172
0 0.7624847622917513 0.24572386467540386 0.01826899634295002 0.03906735751295337
0 0.7255729378301503 0.2477933556842426 0.024715562779357984 0.03994818652849741
0 0.684264526615197 0.2628253581225236 0.02019910605444941 0.03909783602560195
0 0.6340999593661113 0.2622493142334654 0.021834620073141 0.026549832368180433
0 0.6457029662738725 0.2117311795184395 0.02226127590410402 0.04268210911307528
0 0.6881430312880943 0.21439195367266076 0.019278748476229176 0.03498323681804328
0 0.7284315318976027 0.20728741237427614 0.02826290125965055 0.04030478512648583
0 0.7385331166192605 0.17493142334654072 0.025686712718407154 0.05207253886010362
0 0.7427245022348639 0.129204510819872 0.01562982527427875 0.03384638829625114
0 0.7643254774481918 0.16562328558366352 0.023035351483136936 0.0432215787869552
0 0.8131186509548964 0.15185004571776897 0.020826899634295 0.038454739408716854
0 0.8454957334416903 0.14083511124657117 0.0194108086143844 0.04408716854617495
0 0.887700121901666 0.17013715330691864 0.021379520520113774 0.04736665650716245
0 0.8833096302316131 0.13215787869551968 0.021277935798455914 0.028360256019506248
0 0.8790288500609508 0.0947485522706492 0.02464648516863064 0.03653459311185614
0 0.9233299471759447 0.1178817433709235 0.02863673303535148 0.05513258153002133
0 0.9609630231613164 0.08907650106674794 0.01821210889882162 0.025187442852788785
0 0.9295692807801706 0.08262419993904296 0.02810036570499797 0.026930813776287716
0 0.9544494108086145 0.06163974398049375 0.024707436001625355 0.03377933556842426
0 0.9716436407964243 0.01711673270344407 0.02546728971962617 0.03423346540688814
0 0.9946403900853311 0.07263943919536726 0.010719219829337667 0.04438890582139591
0 0.9377854530678585 0.034462054251752514 0.02500812677773263 0.03149649497104541
0 0.9058106460788297 0.03572386467540384 0.029396586753352296 0.03727826882048156
0 0.8751361235270215 0.05238646754038403 0.017945956928078016 0.028290155440414504
0 0.8614932954083707 0.0391161231331911 0.022117025599349856 0.03592197500761963
0 0.8458289313287282 0.06893629990856447 0.021160097521332792 0.032096921670222496
0 0.8172511174319382 0.050185918927156355 0.02258228362454287 0.025519658640658336
0 0.8140633888663146 0.0835934166412679 0.022716375457131247 0.03863456263334349
0 0.7856907761072734 0.06854922279792745 0.016950426655830964 0.032956415726912526
0 0.7728443722064202 0.08291374580920452 0.01729175132060138 0.030765010667479425
0 0.7443356359203576 0.07282840597378848 0.019937017472572125 0.02849436147516001
0 0.7338866314506298 0.09683023468454739 0.020731409995936614 0.03581530021334959
0 0.7176472978464039 0.07599512343797622 0.01428890694839496 0.028314538250533376
0 0.698927265339293 0.10457482474855227 0.01915075172694027 0.03503200243828101
0 0.7038724095895977 0.1412282840597379 0.014943112555871597 0.02697653154526059
0 0.6921210889882161 0.17216092654678453 0.02181227143437627 0.03676927765925023
0 0.6568752539618041 0.18210606522401707 0.01531897602600569 0.045266686985675104
0 0.6691751320601381 0.14748552270649193 0.025816741162129214 0.031353245961597075
0 0.6756948394961397 0.11369094788174336 0.024754164973587973 0.05000914355379458
0 0.6630190979276717 0.07529106979579396 0.011334823242584315 0.02690947881743371
0 0.6475294595692808 0.09782078634562633 0.020936611133685494 0.034093264248704666
0 0.6364425030475417 0.150795489180128 0.014587566030069077 0.03309356903383115
0 0.6232060138155222 0.10019811033221579 0.024995936611133685 0.03929594635781774
0 0.5887180008126778 0.11775068576653458 0.021105241771637546 0.030463273392258457
0 0.5847866720845185 0.10170070100579091 0.014327509142624949 0.02277354465102103
0 0.5640166598943519 0.1002042060347455 0.011836651767574157 0.018153002133495886
0 0.5564851686306379 0.1304236513258153 0.016298252742787483 0.02163974398049375
0 0.4349857781389679 0.2503748857055776 0.02061966680211296 0.04185918927156355
0 0.47136529865908167 0.23225845778725998 0.019618041446566436 0.03166412679061262
0 0.5041426249492076 0.24078329777506857 0.02334213734254368 0.03731789088692472
0 0.5237789516456725 0.1995976836330387 0.01705607476635514 0.033056994818652846
0 0.5247826086956522 0.16888753428832673 0.015808614384396586 0.030219445291069798
0 0.5222145469321414 0.14353245961597075 0.017182039821210887 0.025074672355989026
0 0.5298659081674116 0.10271258762572387 0.020550589191385617 0.03293203291679366
0 0.49934985778138974 0.10192624199939043 0.020264120276310443 0.028107284364523012
0 0.48466680211296226 0.12945443462359038 0.020188947582283626 0.03109417860408412
0 0.4942503047541649 0.16069186223712284 0.01983136936204795 0.028476074367570863
0 0.48597521332791543 0.20134105455653764 0.023888663145062983 0.036543736665650715
0 0.46179195449004473 0.167656202377324 0.021082893132872815 0.02938433404449863
0 0.45159081674116214 0.1337915269734837 0.01803331978870378 0.03000304785126486
0 0.4636062576188541 0.11078329777506858 0.02145672490857375 0.029548918012800976
0 0.43361235270215354 0.1064858274916184 0.020042665583096305 0.027461139896373055
0 0.4254835432750914 0.12726607741542212 0.01680414465664364 0.023462359036879002
0 0.4284315318976026 0.16855227064919232 0.015107679804957334 0.029548918012800976
0 0.4481958553433564 0.2099695214873514 0.016670052824055263 0.032651630600426695
0 0.41181023973994313 0.20157269125266689 0.020914262494920764 0.04026516306004267
0 0.3970865501828525 0.16923498933252057 0.02075375863470134 0.024407192928985064
0 0.39307801706623324 0.1430173727522097 0.021418122714343762 0.045202682109113074
0 0.4004246241365299 0.112688204815605 0.0165826899634295 0.0317311795184395
0 0.3680861438439659 0.10102407802499237 0.018073953677366923 0.02467540384029259
0 0.36316131653799266 0.13064309661688508 0.01798659081674116 0.028585797013105763
0 0.36011986997155626 0.16601645839683024 0.01407557903291345 0.026101798232246266
0 0.36593864282811867 0.20036269430051812 0.022460381958553433 0.029707406278573604
0 0.38598943518894757 0.24734227369704356 0.015916294189353922 0.027656202377323986
0 0.34310849248273056 0.23229807985370313 0.026696464851686308 0.030112770496799755
0 0.32821210889882163 0.2058000609570253 0.018598130841121496 0.025934166412679063
0 0.3300711093051605 0.1650624809509296 0.021231206826493296 0.03558671136848522
0 0.32471149939049165 0.1323956110941786 0.018104429093864283 0.02883572081682414
0 0.340930516050386 0.11273392258457787 0.014746038195855344 0.03344711978055471
0 0.3090837058106461 0.1087229503200244 0.022645266151970742 0.030307832977750686
0 0.2946464851686306 0.12217311795184396 0.017635107679804956 0.026293812861932338
0 0.28165176757415683 0.10725388601036269 0.012259244209670866 0.019234989332520575
0 0.2905932547744819 0.16496494971045414 0.011698496546119463 0.022374276135324594
0 0.29495123933360423 0.209183175861018 0.028006907761072734 0.029448338921060652
0 0.3054611946363267 0.24861627552575435 0.024079642421779762 0.028576653459311187
0 0.263746444534742 0.23058823529411762 0.013325883787078423 0.02507162450472417
0 0.25393132872815927 0.19277049679975616 0.017561966680211295 0.030795489180128012
0 0.2573039414872003 0.15327644010972263 0.015627793579845593 0.02991466016458397
0 0.26195042665583096 0.13007619628162145 0.014071515644047137 0.03233465406888144
0 0.2469971556277936 0.09985675099055166 0.016708655018285248 0.02885096007314843
0 0.2292482730597318 0.11370923498933251 0.012667614790735474 0.02400792441328863
0 0.213565623730191 0.10170984455958548 0.013845997561966682 0.024422432185309356
0 0.19962616822429904 0.1191008838768668 0.016338886631450632 0.02991161231331911
0 0.18214140593254774 0.09114294422432186 0.018250711093051604 0.01955806156659555
0 0.15155221454693216 0.09153916488875342 0.014565217391304347 0.02198110332215788
0 0.12192198293376677 0.08225540993599512 0.022557903291344984 0.03270344407192929
0 0.12844778545306787 0.12231331911002744 0.022590410402275496 0.037960987503809815
0 0.15891304347826085 0.1256598597988418 0.02386225111743194 0.03977141115513563
0 0.1855140186915888 0.16137762877171594 0.015235676554246241 0.029844559585492227
0 0.22365095489638356 0.16181651935385552 0.014492076391710686 0.025842730874733315
0 0.21625152377082488 0.18957330082291984 0.014880130028443721 0.02602864980188967
0 0.22255993498577814 0.22798841816519352 0.016647704185290532 0.04590368790003048
0 0.1814587566030069 0.22787869551965864 0.023392929703372613 0.035925022858884485
0 0.17851889475822835 0.19500152392563241 0.020767980495733442 0.028750380981408107
0 0.16383177570093457 0.16213044803413595 0.035869565217391305 0.04437061871380677
0 0.12753961804144656 0.19113684852179214 0.019691182446160096 0.034035355074672355
0 0.11727346607070298 0.14797927461139895 0.0186834620073141 0.032337701920146296
0 0.1362352702153596 0.2233434928375495 0.019725721251523772 0.03336177994513868
0 0.017777326290125964 0.6918622371228285 0.033522958147094675 0.05181347150259067
0 0.021840715156440472 0.6065224017067967 0.021332791548151157 0.04571776897287412
0 0.013206013815522145 0.537183785431271 0.02031694433157253 0.05028954587016154
0 0.02641202763104429 0.48384638829625115 0.02031694433157253 0.04419384334044499
0 0.014729784640390086 0.43508076805851875 0.019301097114993906 0.04114599207558671
0 0.009650548557496953 0.35964644925327643 0.019301097114993906 0.04571776897287412
0 0.02590410402275498 0.2293508076805852 0.017269402681836653 0.03200243828101189
0 0.03250711093051605 0.19353855531850045 0.01828524989841528 0.03047851264858275
0 0.0076188541243396996 0.15467845169155744 0.015237708248679399 0.02895458701615361
0 0.0726330759853718 0.13334349283754954 0.015237708248679399 0.019811033221578785
0 0.0914262494920764 0.10896068271868332 0.016253555465258026 0.02285888448643706
0 0.08888663145062982 0.08457787259981712 0.013206013815522145 0.01676318195672051
0 0.041141812271434375 0.07848217007010058 0.013206013815522145 0.02285888448643706
0 0.06196668021129622 0.10134105455653764 0.014221861032100772 0.02895458701615361
0 0.011174319382364892 0.11962816214568729 0.012190166598943519 0.03200243828101189
0 0.0076188541243396996 0.08610179823224627 0.015237708248679399 0.025906735751295335