0 0.24345833333333333 0.6356666666666666 0.03985416666666666 0.07918518518518518
0 0.31927083333333334 0.6280370370370371 0.033604166666666664 0.08337037037037037
0 0.4599375 0.6196666666666667 0.03047916666666667 0.07225925925925926
0 0.5216875 0.6175925925925926 0.03047916666666667 0.06807407407407406
0 0.6197708333333334 0.5918888888888889 0.0234375 0.05559259259259259
0 0.6482916666666667 0.5995555555555555 0.03204166666666667 0.06251851851851851
0 0.6901041666666666 0.6078888888888889 0.03283333333333333 0.05140740740740741
0 0.21843749999999998 0.6273333333333333 0.03047916666666667 0.07085185185185185
0 0.2493125 0.518962962962963 0.035958333333333335 0.06807407407407406
0 0.3055833333333334 0.5397777777777778 0.02814583333333333 0.05974074074074074
0 0.26025 0.4335185185185185 0.025 0.04722222222222222
0 0.30714583333333334 0.4487777777777778 0.0234375 0.044444444444444446
0 0.3489583333333333 0.4474074074074074 0.02735416666666667 0.04722222222222222
0 0.3970208333333333 0.5293703703703704 0.025 0.05003703703703704
0 0.44783333333333336 0.5425555555555556 0.02814583333333333 0.05140740740740741
0 0.41460416666666666 0.4897777777777778 0.02422916666666667 0.04585185185185185
0 0.4419583333333333 0.493925925925926 0.021104166666666667 0.04307407407407408
0 0.4919791666666667 0.4925555555555556 0.021104166666666667 0.04307407407407408
0 0.48220833333333335 0.5453333333333333 0.0234375 0.048629629629629634
0 0.513875 0.5446666666666666 0.025791666666666668 0.052814814814814814
0 0.5548958333333334 0.5328518518518519 0.0203125 0.04585185185185185
0 0.5799166666666667 0.5411851851851852 0.021875 0.04585185185185185
0 0.6197708333333334 0.5425555555555556 0.021875 0.0402962962962963
0 0.5744375 0.4946296296296297 0.01875 0.03611111111111111
0 0.5525625000000001 0.4904814814814815 0.0203125 0.03333333333333333
0 0.5408333333333334 0.45433333333333337 0.025 0.03888888888888889
0 0.5162083333333334 0.4598888888888889 0.02266666666666667 0.03333333333333333
0 0.4849583333333333 0.45644444444444443 0.01954166666666667 0.026407407407407407
0 0.4576041666666667 0.4508518518518519 0.021104166666666667 0.03751851851851852
0 0.16960416666666667 0.4314074074074074 0.02814583333333333 0.05140740740740741
0 0.17077083333333334 0.3904444444444444 0.02266666666666667 0.03611111111111111
0 0.16491666666666666 0.3591851851851852 0.01875 0.031962962962962964
0 0.15552083333333336 0.3369259259259259 0.015625 0.031962962962962964
0 0.18014583333333334 0.3174814814814815 0.017979166666666668 0.03751851851851852
0 0.22 0.32096296296296295 0.017979166666666668 0.03333333333333333
0 0.24854166666666666 0.33066666666666666 0.015625 0.030555555555555555
0 0.28370833333333334 0.33066666666666666 0.0171875 0.03611111111111111
0 0.3110625 0.33625925925925926 0.01875 0.03611111111111111
0 0.33529166666666665 0.3445925925925926 0.015625 0.03333333333333333
0 0.3110625 0.3862592592592593 0.01875 0.03333333333333333
0 0.3415416666666667 0.3827777777777778 0.021875 0.031962962962962964
0 0.3646041666666667 0.34525925925925927 0.013291666666666667 0.034740740740740746
0 0.38999999999999996 0.3508148148148148 0.0140625 0.031962962962962964
0 0.4142291666666667 0.3473703703703704 0.015625 0.03888888888888889
0 0.44627083333333334 0.3244444444444444 0.0140625 0.034740740740740746
0 0.48652083333333335 0.34525925925925927 0.014854166666666667 0.026407407407407407
0 0.3970208333333333 0.41474074074074074 0.015625 0.03751851851851852
0 0.4032916666666667 0.3911111111111111 0.015625 0.031962962962962964
0 0.4200833333333333 0.4043333333333333 0.014854166666666667 0.027777777777777776
0 0.42945833333333333 0.37096296296296294 0.014854166666666667 0.030555555555555555
0 0.4560416666666667 0.37792592592592594 0.014854166666666667 0.027777777777777776
0 0.5177708333333333 0.42514814814814816 0.02266666666666667 0.03611111111111111
0 0.47870833333333335 0.41681481481481486 0.021104166666666667 0.03333333333333333
0 0.45408333333333334 0.4175185185185185 0.01875 0.034740740740740746
0 0.6783958333333333 0.5877407407407408 0.0140625 0.03333333333333333