0 0.24958333333333332 0.086875 0.1325 0.16375
0 0.07916666666666666 0.175625 0.15833333333333333 0.22375
0 0.27875 0.3275 0.13583333333333333 0.1975
0 0.46625 0.66 0.15416666666666667 0.2075
0 0.8075 0.665 0.14833333333333334 0.25
0 0.9379166666666666 0.665625 0.12416666666666666 0.23125
0 0.7208333333333333 0.425625 0.09833333333333333 0.17125
0 0.6075 0.373125 0.10333333333333333 0.17125
0 0.48333333333333334 0.328125 0.12 0.21125
0 0.38125 0.0625 0.0725 0.1225
0 0.10708333333333334 0.499375 0.19083333333333333 0.32125
0 0.80625 0.3625 0.07583333333333334 0.1175
0 0.9366666666666666 0.380625 0.06833333333333333 0.10875
0 0.7141666666666666 0.2675 0.06833333333333333 0.12
0 0.8491666666666666 0.3025 0.035 0.085