0 0.4139583333333333 0.6487812500000001 0.05979166666666667 0.12365625
0 0.3913125 0.525125 0.05979166666666667 0.11278125000000001
0 0.4189375 0.45925000000000005 0.03352083333333333 0.07609375
0 0.558875 0.5523125 0.06339583333333333 0.10734375
0 0.6145833333333334 0.6508125 0.051625000000000004 0.125
0 0.17210416666666667 0.6399375 0.06339583333333333 0.11956249999999999
0 0.25135416666666666 0.51696875 0.0625 0.11821875
0 0.28668750000000004 0.44362500000000005 0.0498125 0.08559375
0 0.3202083333333333 0.40490624999999997 0.03895833333333333 0.07065625
0 0.05254166666666667 0.52853125 0.05435416666666667 0.11956249999999999
0 0.16122916666666667 0.47146875 0.05616666666666667 0.11956249999999999
0 0.080625 0.3485 0.04891666666666667 0.104625
0 0.14810416666666668 0.27378125 0.042562499999999996 0.08559375
0 0.2096875 0.3913125 0.046187500000000006 0.09509375
0 0.231875 0.322 0.03804166666666667 0.0788125
0 0.26947916666666666 0.328125 0.03352083333333333 0.06384375
0 0.017208333333333332 0.32134375 0.034416666666666665 0.082875
0 0.010416666666666666 0.42390625000000004 0.020833333333333332 0.0978125