0 0.09020833333333332 0.19275 0.0171875 0.0246875
0 0.08554166666666667 0.2410625 0.017895833333333333 0.0225625
0 0.0694375 0.21475 0.01575 0.023625
0 0.091625 0.21853125 0.0171875 0.01825
0 0.06264583333333333 0.2845625 0.03220833333333333 0.051531249999999994
0 0.049041666666666664 0.3345 0.030791666666666665 0.0483125
0 0.08554166666666667 0.380125 0.043666666666666666 0.07515625000000001
0 0.06120833333333333 0.44725000000000004 0.056562499999999995 0.09340625
0 0.15820833333333334 0.5100625 0.05727083333333333 0.10309375000000001
0 0.22585416666666666 0.587375 0.08233333333333334 0.12025
0 0.27989583333333334 0.754875 0.0945 0.17825
0 0.6152916666666666 0.7629374999999999 0.06514583333333333 0.11059375
0 0.48212499999999997 0.652875 0.05083333333333333 0.0880625
0 0.5318958333333333 0.63890625 0.0315 0.0536875
0 0.5011041666666667 0.5739375 0.0300625 0.04403125
0 0.4005208333333333 0.54065625 0.029354166666666667 0.03328125
0 0.3443333333333333 0.51275 0.04152083333333333 0.078375
0 0.36616666666666664 0.4681875 0.023625 0.04725
0 0.33037500000000003 0.43165624999999996 0.025062499999999998 0.0408125
0 0.27560416666666665 0.4756875 0.03866666666666666 0.055843750000000004
0 0.22908333333333333 0.43165624999999996 0.027208333333333334 0.04725
0 0.2036666666666667 0.37906249999999997 0.027916666666666666 0.04940625
0 0.15283333333333332 0.36346875 0.027916666666666666 0.039718750000000004
0 0.183625 0.3393125 0.02075 0.032218750000000004
0 0.167875 0.3210625 0.012166666666666666 0.02146875
0 0.1531875 0.292625 0.018604166666666665 0.031125000000000003
0 0.17360416666666667 0.2920625 0.015041666666666667 0.023625
0 0.16070833333333334 0.252875 0.016458333333333335 0.02684375
0 0.16358333333333333 0.22709375 0.012166666666666666 0.01825
0 0.17825 0.22174999999999997 0.012895833333333334 0.01609375
0 0.170375 0.20187499999999997 0.011458333333333333 0.01934375
0 0.7556041666666666 0.7811874999999999 0.05083333333333333 0.09340625
0 0.8271875000000001 0.7747499999999999 0.043666666666666666 0.07625
0 0.8704999999999999 0.7575624999999999 0.024333333333333332 0.0483125
0 0.6582291666666666 0.69690625 0.0408125 0.060125
0 0.7351875 0.70925 0.034354166666666665 0.05046874999999999
0 0.7892499999999999 0.7146250000000001 0.016458333333333335 0.031125000000000003
0 0.7928125 0.6576875 0.017895833333333333 0.03328125
0 0.8078541666666667 0.623875 0.01933333333333333 0.032218750000000004
0 0.7938958333333334 0.58684375 0.020041666666666666 0.031125000000000003
0 0.7606041666666666 0.57340625 0.015041666666666667 0.032218750000000004
0 0.749875 0.6496562499999999 0.016458333333333335 0.038656249999999996
0 0.7040624999999999 0.6614687499999999 0.025062499999999998 0.04940625
0 0.626375 0.66628125 0.024333333333333332 0.02684375
0 0.5551458333333333 0.61421875 0.027916666666666666 0.04509375
0 0.6446458333333334 0.6324687499999999 0.025062499999999998 0.0408125
0 0.2634375 0.3828125 0.020041666666666666 0.031125000000000003
0 0.24877083333333333 0.3538125 0.022187500000000002 0.031125000000000003
0 0.24160416666666668 0.23946874999999998 0.012166666666666666 0.0171875
0 0.24089583333333334 0.2593125 0.012166666666666666 0.02040625
0 0.22047916666666667 0.3275 0.020041666666666666 0.023625
0 0.2036666666666667 0.3055 0.013604166666666667 0.0225625
0 0.22120833333333334 0.29796875 0.012895833333333334 0.01609375
0 0.2215625 0.2593125 0.010729166666666668 0.02040625
0 0.20760416666666667 0.26737500000000003 0.008583333333333333 0.0171875
0 0.7584583333333333 0.60240625 0.017895833333333333 0.02790625
0 0.7083541666666666 0.57234375 0.015041666666666667 0.034375
0 0.7248125000000001 0.54871875 0.013604166666666667 0.0300625
0 0.6829375 0.5363749999999999 0.01575 0.028999999999999998
0 0.6664791666666667 0.5100625 0.0143125 0.023625
0 0.6163541666666668 0.4703125 0.0143125 0.023625
0 0.5909375 0.46118750000000003 0.013604166666666667 0.02040625
0 0.5830625 0.5975625 0.022187500000000002 0.028999999999999998
0 0.5587291666666666 0.56375 0.023625 0.038656249999999996
0 0.6693333333333332 0.57984375 0.022916666666666665 0.0365
0 0.5927291666666666 0.51971875 0.01575 0.02790625
0 0.5590833333333334 0.50146875 0.022916666666666665 0.0300625
0 0.5422708333333334 0.47300000000000003 0.013604166666666667 0.01825
0 0.6303125 0.5455 0.017895833333333333 0.02790625
0 0.6421250000000001 0.52509375 0.008583333333333333 0.01934375
0 0.48670833333333335 0.5305 0.026312500000000003 0.039468750000000004
0 0.5137708333333334 0.5265625 0.021791666666666668 0.038343749999999996
0 0.45102083333333337 0.50853125 0.021041666666666667 0.04284375
0 0.46229166666666666 0.48709375 0.016541666666666666 0.0248125
0 0.47431249999999997 0.47750000000000004 0.012020833333333333 0.0236875
0 0.4889791666666667 0.49837499999999996 0.021791666666666668 0.02028125
0 0.40741666666666665 0.474125 0.015041666666666667 0.0326875
0 0.3829791666666667 0.44312500000000005 0.015791666666666666 0.0315625
0 0.3608125 0.42337499999999995 0.01954166666666667 0.028187499999999997
0 0.559625 0.42790625000000004 0.012770833333333334 0.01690625
0 0.5412083333333333 0.41550000000000004 0.013520833333333334 0.01915625
0 0.5235416666666667 0.40028125000000003 0.008270833333333333 0.02028125
0 0.5115208333333333 0.43071875000000004 0.015791666666666666 0.01578125
0 0.4995 0.3895625 0.009770833333333334 0.01915625
0 0.42845833333333333 0.42509375 0.015041666666666667 0.0225625
0 0.446875 0.452125 0.015791666666666666 0.0270625
0 0.4209375 0.45609374999999996 0.013520833333333334 0.0236875
0 0.40591666666666665 0.442 0.010520833333333333 0.02028125
0 0.27891666666666665 0.29375 0.011875 0.02328125
0 0.29170833333333335 0.34784375 0.015520833333333334 0.024656249999999998
0 0.3158958333333333 0.37112500000000004 0.02372916666666667 0.02190625
0 0.3140625 0.39715625 0.014604166666666666 0.0191875
0 0.3387291666666667 0.4019375 0.020083333333333335 0.015062500000000001
0 0.3446666666666667 0.360875 0.011875 0.02053125
0 0.4204375 0.38484375000000004 0.011875 0.0164375
0 0.31224999999999997 0.30059375 0.012791666666666666 0.017812500000000002
0 0.2921666666666667 0.31978125 0.009125 0.017812500000000002
0 0.4615208333333333 0.405375 0.011875 0.02190625
0 0.40399999999999997 0.404 0.011875 0.0136875
0 0.371125 0.33484375 0.0136875 0.02053125
0 0.4204375 0.36290625 0.017354166666666667 0.0164375
0 0.40127083333333335 0.355375 0.010041666666666667 0.017812500000000002
0 0.32777083333333334 0.32937500000000003 0.021916666666666664 0.02603125
0 0.44875000000000004 0.38071875 0.017354166666666667 0.024656249999999998
0 0.47293749999999996 0.3903125 0.012791666666666666 0.024656249999999998