0 0.25416666666666665 0.8958333333333334 0.07685555555555555 0.11111666666666667
0 0.2560222222222222 0.7513833333333333 0.06018888888888889 0.07778333333333333
0 0.10694444444444444 0.7166666666666667 0.06758888888888889 0.047216666666666664
0 0.02453333333333333 0.79375 0.04907777777777778 0.12916666666666668
0 0.06897777777777778 0.54445 0.03611111111111111 0.055549999999999995
0 0.018977777777777777 0.5291666666666667 0.03611111111111111 0.058333333333333334
0 0.04675555555555555 0.48333333333333334 0.03425555555555555 0.04445
0 0.10416666666666667 0.50695 0.030555555555555555 0.052783333333333335
0 0.13796666666666668 0.5284666666666666 0.027777777777777776 0.026383333333333335
0 0.17129999999999998 0.5083333333333333 0.037033333333333335 0.03611666666666667
0 0.2 0.48541666666666666 0.022222222222222223 0.0375
0 0.2550888888888889 0.51805 0.025 0.05
0 0.31666666666666665 0.60695 0.029633333333333334 0.07221666666666667
0 0.38472222222222224 0.6194500000000001 0.03425555555555555 0.06945
0 0.3703666666666666 0.5507000000000001 0.03333333333333333 0.04583333333333333
0 0.29536666666666667 0.5159666666666667 0.022222222222222223 0.029166666666666667
0 0.3018555555555556 0.49721666666666664 0.018522222222222225 0.022216666666666666
0 0.4226888888888889 0.5777833333333333 0.026855555555555556 0.022216666666666666
0 0.41713333333333336 0.5423666666666667 0.021300000000000003 0.04028333333333334
0 0.502311111111111 0.5888833333333333 0.030555555555555555 0.03888333333333333
0 0.5530888888888889 0.6013833333333333 0.02592222222222222 0.027783333333333337
0 0.6226888888888888 0.59375 0.0287 0.05971666666666666
0 0.5898111111111112 0.5715333333333333 0.02407777777777778 0.04028333333333334
0 0.4930555555555556 0.5597166666666666 0.025 0.022216666666666666
0 0.8712000000000001 0.67325 0.036500000000000005 0.07403333333333334
0 0.9632333333333333 0.6370166666666667 0.030333333333333334 0.05706666666666667
0 0.937011111111111 0.6115666666666667 0.018 0.029299999999999996
0 0.9904444444444445 0.7048833333333333 0.016888888888888887 0.0694
0 0.8737666666666667 0.6057833333333333 0.02211111111111111 0.033166666666666664
0 0.8704333333333333 0.5791666666666667 0.02158888888888889 0.018516666666666667
0 0.9002444444444445 0.6539833333333334 0.023655555555555555 0.0509
0 0.6876555555555556 0.56375 0.021077777777777775 0.0401
0 0.6704333333333333 0.5787833333333333 0.01851111111111111 0.030083333333333333
0 0.6267333333333333 0.55025 0.01747777777777778 0.02545
0 0.6087333333333333 0.5633666666666667 0.012344444444444444 0.022366666666666667
0 0.5696555555555556 0.5510166666666667 0.015422222222222223 0.02545
0 0.5588666666666667 0.541 0.013366666666666666 0.020816666666666667
0 0.5151666666666667 0.5498666666666667 0.019533333333333333 0.030850000000000002
0 0.4984555555555556 0.52865 0.021077777777777775 0.030083333333333333
0 0.3861111111111111 0.5228666666666667 0.013366666666666666 0.0108
0 0.3393333333333333 0.514 0.01131111111111111 0.006933333333333334